# Place your answer here

# Place your answer here

# Place your answer here

# Place your answer here

valeurs <- c(1,0,2,1,3,0,1,2,1)
estim <- ... 

ci ... 

chiens <- structure(list(id = c(1, 1, 1, 2, 2, 2, 3, 3, 3, 4, 4, 4, 5, 
5, 5), poids = c(9.69, 9.87, 9.9, 8.43, 8.8, 9.64, 4.92, 7.13, 
5.12, 11.82, 10.32, 10.64, 11.94, 11.51, 11.17), taille = c(1.02, 0.68,
0.74, 0.8, 0.48, 0.44, 0.5, 0.44, 0.7, 1.66, 0.52, 1.46, 0.68, 0.84, 0.74),
poil = c("noir", "clair", "brun", "clair", 
"noir", "brun", "noir", "clair", "brun", "brun", "clair", "noir", 
"noir", "clair", "brun")), row.names = c(NA, -15L), class = "data.frame")
chiens

moy_poids <- ... 
var_poids <- ... 

# Place your answer here
